(2020,9,24,0,0,0,2020,9,29,23,59,59,12520)|(2020,9,9,0,0,0,2020,9,23,23,59,59,12521)|(2020,8,22,0,0,0,2020,9,8,23,59,59,12522)|(2020,8,7,0,0,0,2020,8,21,23,59,59,12523)|(2020,6,6,0,0,0,2020,8,6,23,59,59,12524)|(2020,4,7,0,0,0,2020,6,5,23,59,59,12525)|(2019,1,1,0,0,0,2020,4,6,23,59,59,12526)
(2020,9,15,0,0,0,2020,9,25,23,59,59,12527)|(2020,9,9,0,0,0,2020,9,14,23,59,59,12528)|(2020,8,22,0,0,0,2020,9,8,23,59,59,12529)|(2020,8,7,0,0,0,2020,8,21,23,59,59,12530)|(2020,7,6,0,0,0,2020,8,6,23,59,59,12531)|(2019,1,1,0,0,0,2020,7,5,23,59,59,12532)
(2020,9,9,0,0,0,2020,9,29,23,59,59,12533)|(2020,7,6,0,0,0,2020,9,8,23,59,59,12534)|(2020,6,6,0,0,0,2020,7,5,23,59,59,12535)|(2019,1,1,0,0,0,2020,6,5,23,59,59,12536)
(2020,9,24,0,0,0,2020,9,29,23,59,59,12537)|(2020,9,15,0,0,0,2020,9,23,23,59,59,12538)|(2020,9,9,0,0,0,2020,9,14,23,59,59,12539)|(2020,8,22,0,0,0,2020,9,8,23,59,59,12540)|(2020,8,7,0,0,0,2020,8,21,23,59,59,12541)|(2020,7,6,0,0,0,2020,8,6,23,59,59,12542)|(2019,1,1,0,0,0,2020,7,5,23,59,59,12543)
(2020,9,24,0,0,0,2020,9,29,23,59,59,12544)|(2020,9,15,0,0,0,2020,9,23,23,59,59,12545)|(2020,9,9,0,0,0,2020,9,14,23,59,59,12546)|(2020,8,22,0,0,0,2020,9,8,23,59,59,12547)|(2020,8,7,0,0,0,2020,8,21,23,59,59,12548)|(2020,7,6,0,0,0,2020,8,6,23,59,59,12549)|(2019,1,1,0,0,0,2020,7,5,23,59,59,12550)
(2020,9,24,0,0,0,2020,9,29,23,59,59,12551)|(2020,9,15,0,0,0,2020,9,23,23,59,59,12552)|(2020,9,9,0,0,0,2020,9,14,23,59,59,12553)|(2020,8,22,0,0,0,2020,9,8,23,59,59,12554)|(2020,8,7,0,0,0,2020,8,21,23,59,59,12555)|(2020,7,6,0,0,0,2020,8,6,23,59,59,12556)|(2019,1,1,0,0,0,2020,7,5,23,59,59,12557)
(2020,9,19,0,0,0,2020,9,29,23,59,59,12558)|(2020,9,9,0,0,0,2020,9,18,23,59,59,12559)|(2020,8,22,0,0,0,2020,9,8,23,59,59,12560)|(2020,8,7,0,0,0,2020,8,21,23,59,59,12561)|(2020,7,6,0,0,0,2020,8,6,23,59,59,12562)|(2019,1,1,0,0,0,2020,7,5,23,59,59,12563)
(2020,9,15,0,0,0,2020,9,29,23,59,59,12564)|(2020,9,9,0,0,0,2020,9,14,23,59,59,12565)|(2020,8,22,0,0,0,2020,9,8,23,59,59,12566)|(2020,8,7,0,0,0,2020,8,21,23,59,59,12567)|(2019,1,1,0,0,0,2020,8,6,23,59,59,12568)
(2019,1,1,0,0,0,2020,9,29,23,59,59,12569)
(2019,1,1,0,0,0,2020,9,29,23,59,59,12570)
(2019,1,1,0,0,0,2020,9,29,23,59,59,12571)
(2020,9,30,0,0,0,2020,10,1,23,59,59,12572)|(2020,9,26,0,0,0,2020,9,29,23,59,59,12573)|(2020,9,9,0,0,0,2020,9,25,23,59,59,12574)|(2020,8,22,0,0,0,2020,9,8,23,59,59,12575)|(2020,8,7,0,0,0,2020,8,21,23,59,59,12576)|(2019,1,1,0,0,0,2020,8,6,23,59,59,12577)
(2020,9,30,0,0,0,2020,10,1,23,59,59,12578)|(2020,9,24,0,0,0,2020,9,29,23,59,59,12579)|(2020,9,15,0,0,0,2020,9,23,23,59,59,12580)|(2020,9,9,0,0,0,2020,9,14,23,59,59,12581)|(2020,8,22,0,0,0,2020,9,8,23,59,59,12582)|(2020,8,7,0,0,0,2020,8,21,23,59,59,12583)|(2019,1,1,0,0,0,2020,8,6,23,59,59,12584)
(2020,9,30,0,0,0,2020,10,1,23,59,59,12585)|(2020,9,24,0,0,0,2020,9,29,23,59,59,12586)|(2020,9,9,0,0,0,2020,9,23,23,59,59,12587)|(2020,8,22,0,0,0,2020,9,8,23,59,59,12588)|(2020,8,7,0,0,0,2020,8,21,23,59,59,12589)|(2019,1,1,0,0,0,2020,8,6,23,59,59,12590)
(2020,9,15,0,0,0,2020,9,24,23,59,59,12591)|(2020,9,9,0,0,0,2020,9,14,23,59,59,12592)|(2020,8,22,0,0,0,2020,9,8,23,59,59,12593)|(2020,8,7,0,0,0,2020,8,21,23,59,59,12594)|(2019,1,1,0,0,0,2020,8,6,23,59,59,12595)
(2020,7,6,0,0,0,2020,8,6,23,59,59,12596)|(2020,2,7,0,0,0,2020,7,5,23,59,59,12597)|(2019,1,1,0,0,0,2020,2,6,23,59,59,12598)
(2020,8,22,0,0,0,2020,9,8,23,59,59,12599)|(2020,8,7,0,0,0,2020,8,21,23,59,59,12600)|(2020,7,6,0,0,0,2020,8,6,23,59,59,12601)|(2019,1,1,0,0,0,2020,7,5,23,59,59,12602)
(2020,8,7,0,0,0,2020,8,21,23,59,59,12603)|(2020,7,6,0,0,0,2020,8,6,23,59,59,12604)|(2019,1,1,0,0,0,2020,7,5,23,59,59,12605)
(2019,1,1,0,0,0,2020,9,29,23,59,59,12606)
(2020,8,22,0,0,0,2020,9,29,23,59,59,12607)|(2020,8,7,0,0,0,2020,8,21,23,59,59,12608)|(2019,1,1,0,0,0,2020,8,6,23,59,59,12609)
(2019,1,1,0,0,0,2020,9,24,23,59,59,12610)
(2019,1,1,0,0,0,2020,7,5,23,59,59,12611)
(2019,1,1,0,0,0,2020,7,5,23,59,59,12612)
