2020,9,24,0,0,0,2020,9,29,23,59,59
2020,9,9,0,0,0,2020,9,23,23,59,59
2020,8,22,0,0,0,2020,9,8,23,59,59
2020,8,7,0,0,0,2020,8,21,23,59,59
2019,1,1,0,0,0,2020,8,6,23,59,59
2020,9,24,0,0,0,2020,9,29,23,59,59
2020,9,9,0,0,0,2020,9,23,23,59,59
2020,8,22,0,0,0,2020,9,8,23,59,59
2020,8,7,0,0,0,2020,8,21,23,59,59
2020,6,6,0,0,0,2020,8,6,23,59,59
2020,4,7,0,0,0,2020,6,5,23,59,59
2019,1,1,0,0,0,2020,4,6,23,59,59
2020,9,15,0,0,0,2020,9,25,23,59,59
2020,9,9,0,0,0,2020,9,14,23,59,59
2020,8,22,0,0,0,2020,9,8,23,59,59
2020,8,7,0,0,0,2020,8,21,23,59,59
2020,7,6,0,0,0,2020,8,6,23,59,59
2019,1,1,0,0,0,2020,7,5,23,59,59
2020,9,9,0,0,0,2020,9,29,23,59,59
2020,7,6,0,0,0,2020,9,8,23,59,59
2020,6,6,0,0,0,2020,7,5,23,59,59
2019,1,1,0,0,0,2020,6,5,23,59,59
2020,9,24,0,0,0,2020,9,29,23,59,59
2020,9,15,0,0,0,2020,9,23,23,59,59
2020,9,9,0,0,0,2020,9,14,23,59,59
2020,8,22,0,0,0,2020,9,8,23,59,59
2020,8,7,0,0,0,2020,8,21,23,59,59
2020,7,6,0,0,0,2020,8,6,23,59,59
2019,1,1,0,0,0,2020,7,5,23,59,59
2020,9,19,0,0,0,2020,9,29,23,59,59
2020,9,9,0,0,0,2020,9,18,23,59,59
2020,8,22,0,0,0,2020,9,8,23,59,59
2020,8,7,0,0,0,2020,8,21,23,59,59
2020,7,6,0,0,0,2020,8,6,23,59,59
2019,1,1,0,0,0,2020,7,5,23,59,59
2020,9,15,0,0,0,2020,9,29,23,59,59
2020,9,9,0,0,0,2020,9,14,23,59,59
2020,8,22,0,0,0,2020,9,8,23,59,59
2020,8,7,0,0,0,2020,8,21,23,59,59
2019,1,1,0,0,0,2020,8,6,23,59,59
2019,1,1,0,0,0,2020,9,29,23,59,59
2020,9,30,0,0,0,2020,10,1,23,59,59
2020,9,26,0,0,0,2020,9,29,23,59,59
2020,9,9,0,0,0,2020,9,25,23,59,59
2020,8,22,0,0,0,2020,9,8,23,59,59
2020,8,7,0,0,0,2020,8,21,23,59,59
2019,1,1,0,0,0,2020,8,6,23,59,59
2020,9,30,0,0,0,2020,10,1,23,59,59
2020,9,24,0,0,0,2020,9,29,23,59,59
2020,9,15,0,0,0,2020,9,23,23,59,59
2020,9,9,0,0,0,2020,9,14,23,59,59
2020,8,22,0,0,0,2020,9,8,23,59,59
2020,8,7,0,0,0,2020,8,21,23,59,59
2019,1,1,0,0,0,2020,8,6,23,59,59
2020,9,30,0,0,0,2020,10,1,23,59,59
2020,9,24,0,0,0,2020,9,29,23,59,59
2020,9,9,0,0,0,2020,9,23,23,59,59
2020,8,22,0,0,0,2020,9,8,23,59,59
2020,8,7,0,0,0,2020,8,21,23,59,59
2019,1,1,0,0,0,2020,8,6,23,59,59
2020,9,15,0,0,0,2020,9,24,23,59,59
2020,9,9,0,0,0,2020,9,14,23,59,59
2020,8,22,0,0,0,2020,9,8,23,59,59
2020,8,7,0,0,0,2020,8,21,23,59,59
2019,1,1,0,0,0,2020,8,6,23,59,59
2020,7,6,0,0,0,2020,8,6,23,59,59
2020,2,7,0,0,0,2020,7,5,23,59,59
2019,1,1,0,0,0,2020,2,6,23,59,59
2020,8,22,0,0,0,2020,9,8,23,59,59
2020,8,7,0,0,0,2020,8,21,23,59,59
2020,7,6,0,0,0,2020,8,6,23,59,59
2019,1,1,0,0,0,2020,7,5,23,59,59
2020,8,7,0,0,0,2020,8,21,23,59,59
2020,7,6,0,0,0,2020,8,6,23,59,59
2019,1,1,0,0,0,2020,7,5,23,59,59
2019,1,1,0,0,0,2020,9,29,23,59,59
2020,8,22,0,0,0,2020,9,29,23,59,59
2020,8,7,0,0,0,2020,8,21,23,59,59
2019,1,1,0,0,0,2020,8,6,23,59,59
2019,1,1,0,0,0,2020,7,5,23,59,59
2019,1,1,0,0,0,2020,7,5,23,59,59
