2021,2,15,0,0,0,2021,2,20,23,59,59
2021,1,31,0,0,0,2021,2,14,23,59,59
2021,1,13,0,0,0,2021,1,30,23,59,59
2020,12,29,0,0,0,2021,1,12,23,59,59
2020,10,28,0,0,0,2020,12,28,23,59,59
2020,8,29,0,0,0,2020,10,27,23,59,59
2019,1,1,0,0,0,2020,8,28,23,59,59
2021,2,15,0,0,0,2021,2,20,23,59,59
2021,1,31,0,0,0,2021,2,14,23,59,59
2021,1,13,0,0,0,2021,1,30,23,59,59
2020,12,29,0,0,0,2021,1,12,23,59,59
2020,11,27,0,0,0,2020,12,28,23,59,59
2019,1,1,0,0,0,2020,11,26,23,59,59
2021,1,31,0,0,0,2021,2,20,23,59,59
2020,11,27,0,0,0,2021,1,30,23,59,59
2020,10,28,0,0,0,2020,11,26,23,59,59
2020,8,29,0,0,0,2020,10,27,23,59,59
2019,1,1,0,0,0,2020,8,28,23,59,59
2021,2,15,0,0,0,2021,2,20,23,59,59
2021,1,31,0,0,0,2021,2,14,23,59,59
2021,1,13,0,0,0,2021,1,30,23,59,59
2020,12,29,0,0,0,2021,1,12,23,59,59
2020,11,27,0,0,0,2020,12,28,23,59,59
2019,1,1,0,0,0,2020,11,26,23,59,59
2021,2,15,0,0,0,2021,2,20,23,59,59
2021,1,31,0,0,0,2021,2,14,23,59,59
2021,1,13,0,0,0,2021,1,30,23,59,59
2020,12,29,0,0,0,2021,1,12,23,59,59
2020,11,27,0,0,0,2020,12,28,23,59,59
2019,1,1,0,0,0,2020,11,26,23,59,59
2021,2,15,0,0,0,2021,2,20,23,59,59
2021,1,31,0,0,0,2021,2,14,23,59,59
2021,1,13,0,0,0,2021,1,30,23,59,59
2020,12,29,0,0,0,2021,1,12,23,59,59
2020,11,27,0,0,0,2020,12,28,23,59,59
2019,1,1,0,0,0,2020,11,26,23,59,59
2021,2,21,0,0,0,2021,2,22,23,59,59
2021,2,17,0,0,0,2021,2,20,23,59,59
2021,1,31,0,0,0,2021,2,16,23,59,59
2021,1,13,0,0,0,2021,1,30,23,59,59
2020,12,29,0,0,0,2021,1,12,23,59,59
2019,1,1,0,0,0,2020,12,28,23,59,59
2021,2,21,0,0,0,2021,2,22,23,59,59
2021,2,15,0,0,0,2021,2,20,23,59,59
2021,1,31,0,0,0,2021,2,14,23,59,59
2021,1,13,0,0,0,2021,1,30,23,59,59
2020,12,29,0,0,0,2021,1,12,23,59,59
2019,1,1,0,0,0,2020,12,28,23,59,59
2021,2,21,0,0,0,2021,2,22,23,59,59
2021,2,15,0,0,0,2021,2,20,23,59,59
2021,1,31,0,0,0,2021,2,14,23,59,59
2021,1,13,0,0,0,2021,1,30,23,59,59
2020,12,29,0,0,0,2021,1,12,23,59,59
2019,1,1,0,0,0,2020,12,28,23,59,59
2021,2,6,0,0,0,2021,2,15,23,59,59
2021,1,31,0,0,0,2021,2,5,23,59,59
2021,1,13,0,0,0,2021,1,30,23,59,59
2020,12,29,0,0,0,2021,1,12,23,59,59
2019,1,1,0,0,0,2020,12,28,23,59,59
2020,11,27,0,0,0,2020,12,28,23,59,59
2020,6,30,0,0,0,2020,11,26,23,59,59
2019,1,1,0,0,0,2020,6,29,23,59,59
2021,1,13,0,0,0,2021,1,30,23,59,59
2020,12,29,0,0,0,2021,1,12,23,59,59
2020,11,27,0,0,0,2020,12,28,23,59,59
2019,1,1,0,0,0,2020,11,26,23,59,59
2020,12,29,0,0,0,2021,1,12,23,59,59
2020,11,27,0,0,0,2020,12,28,23,59,59
2019,1,1,0,0,0,2020,11,26,23,59,59
2019,1,1,0,0,0,2021,2,20,23,59,59
2021,1,13,0,0,0,2021,2,20,23,59,59
2020,12,29,0,0,0,2021,1,12,23,59,59
2019,1,1,0,0,0,2020,12,28,23,59,59
2020,11,27,0,0,0,2021,2,9,23,59,59
2019,1,1,0,0,0,2020,11,26,23,59,59
2021,2,8,0,0,0,2021,2,22,23,59,59
2021,1,24,0,0,0,2021,2,7,23,59,59
2021,1,9,0,0,0,2021,1,23,23,59,59
2020,12,29,0,0,0,2021,1,8,23,59,59
2019,1,1,0,0,0,2020,12,28,23,59,59
