(2021,2,15,0,0,0,2021,2,20,23,59,59,17207)|(2021,1,31,0,0,0,2021,2,14,23,59,59,17208)|(2021,1,13,0,0,0,2021,1,30,23,59,59,17209)|(2020,12,29,0,0,0,2021,1,12,23,59,59,17210)|(2020,10,28,0,0,0,2020,12,28,23,59,59,17211)|(2020,8,29,0,0,0,2020,10,27,23,59,59,17212)|(2019,1,1,0,0,0,2020,8,28,23,59,59,17213)
(2021,2,15,0,0,0,2021,2,20,23,59,59,17214)|(2021,1,31,0,0,0,2021,2,14,23,59,59,17215)|(2021,1,13,0,0,0,2021,1,30,23,59,59,17216)|(2020,12,29,0,0,0,2021,1,12,23,59,59,17217)|(2020,11,27,0,0,0,2020,12,28,23,59,59,17218)|(2019,1,1,0,0,0,2020,11,26,23,59,59,17219)
(2021,1,31,0,0,0,2021,2,20,23,59,59,17220)|(2020,11,27,0,0,0,2021,1,30,23,59,59,17221)|(2020,10,28,0,0,0,2020,11,26,23,59,59,17222)|(2020,8,29,0,0,0,2020,10,27,23,59,59,17223)|(2019,1,1,0,0,0,2020,8,28,23,59,59,17224)
(2021,2,15,0,0,0,2021,2,20,23,59,59,17225)|(2021,1,31,0,0,0,2021,2,14,23,59,59,17226)|(2021,1,13,0,0,0,2021,1,30,23,59,59,17227)|(2020,12,29,0,0,0,2021,1,12,23,59,59,17228)|(2020,11,27,0,0,0,2020,12,28,23,59,59,17229)|(2019,1,1,0,0,0,2020,11,26,23,59,59,17230)
(2021,2,15,0,0,0,2021,2,20,23,59,59,17231)|(2021,1,31,0,0,0,2021,2,14,23,59,59,17232)|(2021,1,13,0,0,0,2021,1,30,23,59,59,17233)|(2020,12,29,0,0,0,2021,1,12,23,59,59,17234)|(2020,11,27,0,0,0,2020,12,28,23,59,59,17235)|(2019,1,1,0,0,0,2020,11,26,23,59,59,17236)
(2021,2,15,0,0,0,2021,2,20,23,59,59,17237)|(2021,1,31,0,0,0,2021,2,14,23,59,59,17238)|(2021,1,13,0,0,0,2021,1,30,23,59,59,17239)|(2020,12,29,0,0,0,2021,1,12,23,59,59,17240)|(2020,11,27,0,0,0,2020,12,28,23,59,59,17241)|(2019,1,1,0,0,0,2020,11,26,23,59,59,17242)
(2021,2,21,0,0,0,2021,2,22,23,59,59,17243)|(2021,2,17,0,0,0,2021,2,20,23,59,59,17244)|(2021,1,31,0,0,0,2021,2,16,23,59,59,17245)|(2021,1,13,0,0,0,2021,1,30,23,59,59,17246)|(2020,12,29,0,0,0,2021,1,12,23,59,59,17247)|(2019,1,1,0,0,0,2020,12,28,23,59,59,17248)
(2021,2,21,0,0,0,2021,2,22,23,59,59,17249)|(2021,2,15,0,0,0,2021,2,20,23,59,59,17250)|(2021,1,31,0,0,0,2021,2,14,23,59,59,17251)|(2021,1,13,0,0,0,2021,1,30,23,59,59,17252)|(2020,12,29,0,0,0,2021,1,12,23,59,59,17253)|(2019,1,1,0,0,0,2020,12,28,23,59,59,17254)
(2021,2,21,0,0,0,2021,2,22,23,59,59,17255)|(2021,2,15,0,0,0,2021,2,20,23,59,59,17256)|(2021,1,31,0,0,0,2021,2,14,23,59,59,17257)|(2021,1,13,0,0,0,2021,1,30,23,59,59,17258)|(2020,12,29,0,0,0,2021,1,12,23,59,59,17259)|(2019,1,1,0,0,0,2020,12,28,23,59,59,17260)
(2021,2,6,0,0,0,2021,2,15,23,59,59,17261)|(2021,1,31,0,0,0,2021,2,5,23,59,59,17262)|(2021,1,13,0,0,0,2021,1,30,23,59,59,17263)|(2020,12,29,0,0,0,2021,1,12,23,59,59,17264)|(2019,1,1,0,0,0,2020,12,28,23,59,59,17265)
(2020,11,27,0,0,0,2020,12,28,23,59,59,17266)|(2020,6,30,0,0,0,2020,11,26,23,59,59,17267)|(2019,1,1,0,0,0,2020,6,29,23,59,59,17268)
(2021,1,13,0,0,0,2021,1,30,23,59,59,17269)|(2020,12,29,0,0,0,2021,1,12,23,59,59,17270)|(2020,11,27,0,0,0,2020,12,28,23,59,59,17271)|(2019,1,1,0,0,0,2020,11,26,23,59,59,17272)
(2020,12,29,0,0,0,2021,1,12,23,59,59,17273)|(2020,11,27,0,0,0,2020,12,28,23,59,59,17274)|(2019,1,1,0,0,0,2020,11,26,23,59,59,17275)
(2019,1,1,0,0,0,2021,2,20,23,59,59,17276)
(2021,1,13,0,0,0,2021,2,20,23,59,59,17277)|(2020,12,29,0,0,0,2021,1,12,23,59,59,17278)|(2019,1,1,0,0,0,2020,12,28,23,59,59,17279)
(2020,11,27,0,0,0,2021,2,9,23,59,59,17280)|(2019,1,1,0,0,0,2020,11,26,23,59,59,17281)
(2021,2,8,0,0,0,2021,2,22,23,59,59,17282)|(2021,1,24,0,0,0,2021,2,7,23,59,59,17283)|(2021,1,9,0,0,0,2021,1,23,23,59,59,17284)|(2020,12,29,0,0,0,2021,1,8,23,59,59,17285)|(2019,1,1,0,0,0,2020,12,28,23,59,59,17286)
